%YAML:1.0
---
CalibrationRectangle: [ 184, 102, 266, 217 ]
Pegs: [ 241., 338., 250., 283., 283., 297., 283., 297., 283., 297., 283.,
    297., 283., 297., 283., 297., 283., 297., 283., 297., 283., 297. ]
