%YAML:1.0
---
CalibrationRectangle: [ 163, 295, 322, 140 ]
Pegs: [ 13., 75., 42., 74., 70., 74., 99., 75., 127., 75., 153., 75.,
    180., 75., 207., 75., 235., 76., 263., 76., 292., 76. ]
