%YAML:1.0
---
CalibrationRectangle: [ 175, 39, 313, 420 ]
Pegs: [ 2., 353., 18., 352., 53., 356., 86., 354., 120., 353., 152.,
    353., 183., 353., 216., 351., 251., 352., 285., 353., 311., 349. ]
